+		boxes	array([[[0.3745459 , 0.33260322, 0.7812754 , 0.5999229 ],
        [0.5057047 , 0.5719596 , 0.7552088 , 0.7380792 ],
        [0.42347026, 0.34395766, 0.7947006 , 0.7165301 ],
        [0.6805131 , 0.9878839 , 0.9215899 , 1.        ],
        [0.14190295, 0.87273216, 0.42665038, 0.99523425],
        [0.14115714, 0.00702559, 0.5124803 , 0.13845816],
        [0.73151815, 0.98623466, 0.9325073 , 1.        ],
        [0.5981362 , 0.257921  , 0.72713137, 0.3226637 ],
        [0.2882171 , 0.15503338, 0.74193144, 0.3751156 ],
        [0.50506115, 0.23213744, 0.759287  , 0.76342165],
        [0.6927371 , 0.        , 1.        , 0.6716441 ],
        [0.6044411 , 0.00715582, 0.7121559 , 0.0511265 ],
        [0.1424591 , 0.13915741, 0.66601694, 0.36145788],
        [0.28668317, 0.729063  , 0.4166853 , 0.791392  ],
        [0.6597383 , 0.9590893 , 0.96850455, 1.        ],
        [0.23665689, 0.00311491, 0.5083338 , 0.01429807],
        [0.14889497, 0.91689664, 0.47335523, 1.        ],
        [0.17576437, 0.4622978 , 0.2882765 , 0.53897   ],
        [0.6128984 , 0.09233144, 0.697933  , 0.20021033],
        [0.320482  , 0.15505578, 0.47878686, 0.21397467],
        [0.6355838 , 0.05653157, 0.7747647 , 0.30162925],
        [0.6186522 , 0.13026324, 0.7069192 , 0.24068302],
        [0.3004959 , 0.00478485, 0.5228478 , 0.01728165],
        [0.17903063, 0.        , 0.4549    , 0.00861272],
        [0.4917035 , 0.21133581, 0.61369765, 0.27422166],
        [0.18778293, 0.29918322, 0.2871837 , 0.38982233],
        [0.14102054, 0.        , 0.37876582, 0.01002457],
        [0.37553835, 0.15562089, 0.52449465, 0.21547012],
        [0.32098097, 0.7762775 , 0.44693965, 0.8453043 ],
        [0.66859627, 0.02292898, 0.821694  , 0.28348848],
        [0.        , 0.00455821, 0.20192567, 0.017813  ],
        [0.28087413, 0.15505818, 0.42488438, 0.2094635 ],
        [0.92950636, 0.95197177, 1.        , 1.        ],
        [0.6071913 , 0.02839134, 0.7275703 , 0.26468584],
        [0.29071027, 0.13631992, 0.6050684 , 0.23800297],
        [0.43950498, 0.21438006, 0.5769038 , 0.27236718],
        [0.613883  , 0.0661589 , 0.8565104 , 0.22403511],
        [0.564718  , 0.00419031, 0.67014706, 0.04374286],
        [0.21904041, 0.76047754, 0.5072673 , 0.8657516 ],
        [0.67127746, 0.3196836 , 0.8174624 , 0.61636204],
        [0.7675901 , 0.1963743 , 0.8616269 , 0.28331545],
        [0.7965096 , 0.0071339 , 1.        , 0.5188053 ],
        [0.47879374, 0.7420369 , 0.98860455, 0.9961818 ],
        [0.24714294, 0.        , 0.56795764, 0.14843045],
        [0.25300044, 0.5541897 , 0.7302898 , 0.7873361 ],
        [0.2758261 , 0.78249466, 0.4174115 , 0.84577   ],
        [0.21881634, 0.9561969 , 0.37262428, 0.9883064 ],
        [0.26135266, 0.88256353, 0.58356905, 0.9883638 ],
        [0.1280022 , 0.356976  , 0.2602886 , 0.42413726],
        [0.7701472 , 0.24415147, 0.85434246, 0.33462852],
        [0.07645461, 0.35330364, 0.21406075, 0.4230648 ],
        [0.64473593, 0.03670076, 1.        , 0.961071  ],
        [0.1315647 , 0.46480942, 0.25036627, 0.538754  ],
        [0.17915455, 0.5014936 , 0.27860227, 0.5951103 ],
        [0.04664092, 0.        , 0.2416101 , 0.33489293],
        [0.48498833, 0.25556314, 0.6111001 , 0.3259977 ],
        [0.7881235 , 0.97600275, 0.95234597, 1.        ],
        [0.1305997 , 0.30231708, 0.24403083, 0.3820185 ],
        [0.2645217 , 0.9270053 , 0.62600183, 0.9982902 ],
        [0.15820739, 0.19573124, 0.2928501 , 0.47589266],
        [0.17637289, 0.8845441 , 0.7985683 , 0.9882224 ],
        [0.10001996, 0.54221267, 0.6562494 , 0.77103144],
        [0.17854577, 0.4269076 , 0.30465478, 0.4800775 ],
        [0.77140534, 0.30438817, 0.8544047 , 0.39238554],
        [0.15795681, 0.40399235, 0.30068696, 0.66087097],
        [0.3155343 , 0.96038795, 0.50414807, 0.9882902 ],
        [0.04010298, 0.        , 0.28264055, 0.00992498],
        [0.73558515, 0.08281124, 0.8741887 , 0.38173395],
        [0.27939475, 0.0431524 , 0.42460084, 0.10952821],
        [0.        , 0.4483146 , 0.7599225 , 0.9669871 ],
        [0.3952215 , 0.7834521 , 0.5133119 , 0.84865123],
        [0.05864227, 0.33362696, 0.7130296 , 0.66601825],
        [0.29377663, 0.16475375, 0.6279914 , 0.29566765],
        [0.        , 0.56369823, 0.48077652, 0.8537285 ],
        [0.42919892, 0.26088443, 0.57328194, 0.32113394],
        [0.        , 0.3468753 , 0.4721949 , 0.64333576],
        [0.25289327, 0.6568553 , 0.7284213 , 0.8480597 ],
        [0.00258739, 0.06394979, 0.26759005, 0.95194876],
        [0.20404273, 0.        , 0.8170069 , 1.        ],
        [0.5184945 , 0.45624447, 0.7291571 , 0.7339215 ],
        [0.6839531 , 0.09019887, 0.81928605, 0.3723308 ],
        [0.08104347, 0.07255706, 0.5648499 , 0.6256846 ],
        [0.24385032, 0.        , 0.9343015 , 0.60319877],
        [0.06321469, 0.00370283, 0.61242366, 0.16693321],
        [0.7672773 , 0.09533574, 0.8637621 , 0.19010915],
        [0.6294621 , 0.9896431 , 0.8726325 , 1.        ],
        [0.15329607, 0.01113762, 0.56342334, 0.05192458],
        [0.18275613, 0.34920824, 0.2886607 , 0.4248252 ],
        [0.        , 0.2803856 , 1.        , 0.7516676 ],
        [0.02959415, 0.88984394, 0.6238251 , 1.        ],
        [0.48771584, 0.1561236 , 0.60745347, 0.22843863],
        [0.37824786, 0.298     , 0.5808172 , 0.5897491 ],
        [0.60118407, 0.8433506 , 0.7158304 , 0.9113236 ],
        [0.7050138 , 0.0941347 , 0.810985  , 0.19158444],
        [0.28956172, 0.20260088, 0.41309944, 0.27314597],
        [0.7970743 , 0.02536674, 0.9464241 , 0.33428442],
        [0.17416775, 0.88729036, 0.31664085, 0.9715456 ],
        [0.34032232, 0.76666695, 0.8356773 , 0.97899836],
        [0.10683168, 0.46586895, 0.36374283, 0.626011  ],
        [0.6972325 , 0.00584398, 0.87336504, 0.02274947]]], dtype=float32)	ndarray

+               shape   (1, 100, 4)     tuple
