+		image_np	array([[[ 97,  93,  94],
        [ 94,  90,  91],
        [ 96,  90,  92],
        ...,
        [ 69,  79,  89],
        [ 66,  79,  88],
        [ 63,  76,  85]],

       [[ 92,  88,  89],
        [ 92,  88,  89],
        [ 96,  90,  92],
        ...,
        [ 61,  71,  81],
        [ 58,  68,  78],
        [ 52,  65,  74]],

       [[ 92,  88,  87],
        [ 93,  89,  88],
        [ 97,  91,  93],
        ...,
        [ 66,  75,  84],
        [ 63,  73,  82],
        [ 60,  70,  79]],

       ...,

       [[228, 230, 219],
        [229, 231, 220],
        [230, 232, 221],
        ...,
        [ 89,  97, 108],
        [ 91,  97, 109],
        [ 88,  94, 106]],

       [[227, 228, 220],
        [228, 229, 221],
        [229, 230, 222],
        ...,
        [ 85,  97, 109],
        [ 87,  95, 108],
        [ 82,  90, 103]],

       [[226, 227, 219],
        [227, 228, 220],
        [228, 229, 221],
        ...,
        [ 84,  96, 108],
        [ 84,  94, 106],
        [ 79,  87, 100]]], dtype=uint8)	ndarray

+       shape   (576, 1024, 3)  tuple
